1
2
3
6
13
17
26
34
39
51
78
102
169
221
338
442
507
663
1014
1326
2873
5746
8619
17238
47188450453
94376900906
141565351359
283130702718
613449855889
802203657701
1226899711778
1604407315402
1840349567667
2406610973103
3680699135334
4813221946206
7974848126557
10428647550113
15949696253114
20857295100226
23924544379671
31285942650339
47849088759342
62571885300678
135572418151469
271144836302938
406717254454407
813434508908814
1
2
3
6
131462470945369
262924941890738
394387412836107
788774825672214
1
3
9
31
53
93
159
279
477
1643
4929
14787
21787
65361
196083
675397
1154711
1396301
2026191
3464133
4188903
6078573
10392399
12566709
35796041
43285331
74003953
107388123
129855993
222011859
322164369
389567979
666035577
2294122543
6882367629
20647102887
30421209887
91263629661
273790888983
943057506497
1612324124011
2829172519491
4836972372033
8487517558473
14510917116099
49982047844341
149946143533023
449838430599069
1
3
5
15
433
1299
2165
6495
186013
558039
690187
930065
2070561
2790195
3450935
10352805
80543629
241630887
298850971
402718145
896552913
1208154435
1494254855
4482764565
128383754431
385151263293
641918772155
1925756316465
55590165668623
166770497005869
277950828343115
833852485029345
1
2
17
34
1621
3242
9907
19814
27557
55114
168419
336838
1477901
2955802
16059247
25124317
32118494
50248634
273007199
546014398
2395677521
4791355042
14641565207
29283130414
40726517857
81453035714
248906608519
497813217038
23733977200547
47467954401094
403477612409299
806955224818598
1
11
67
121
737
1331
8107
57241
89177
94789
629651
1042679
3835147
6350863
6926161
11469469
42186617
69859493
76187771
126164159
464052787
768454423
5104580657
5425817149
8452998653
59683988639
363529748983
656523875029
3998827238813
7221762625319
43987099626943
483858095896373
1
2
4
5009
10018
20036
135029
270058
360293
540116
720586
1441172
676360261
1352720522
1804707637
2705441044
3609415274
7218830548
48650003497
97300006994
194600013988
243687867516473
487375735032946
974751470065892
1
2
3
4
6
9
12
18
19
36
38
57
76
114
171
228
342
684
828342485167
1656684970334
2485027455501
3313369940668
4970054911002
7455082366503
9940109822004
14910164733006
15738507218173
29820329466012
31477014436346
47215521654519
62954028872692
94431043309038
141646564963557
188862086618076
283293129927114
566586259854228
1
2
4
5
10
20
2475290660221
4950581320442
9901162640884
12376453301105
24752906602210
49505813204420
1
2
5
10
13
26
65
130
1091
2182
5455
10910
14183
28366
70915
141830
5068420969
10136841938
25342104845
50684209690
65889472597
131778945194
329447362985
658894725970
5529647277179
11059294554358
27648236385895
55296472771790
71885414603327
143770829206654
359427073016635
718854146033270
