37
118
248
312
514
588
1113
1140
1162
1190
1204
1211
1214
1574
1604
1766
1803
2022
2040
2212
2226
2596
2702
2841
3176
3529
3616
3735
3739
3934
4127
4227
4238
4556
4954
5079
5139
5189
5200
5260
5270
5284
5327
5367
5406
5422
5840
6240
6306
6521
6579
6582
6728
6835
6851
7244
7444
7448
7682
7721
7727
7841
7856
8498
8511
8517
8913
8935
8936
9019
9049
9097
9390
9456
9593
9692
9700
9818
9954
9967
10012
10170
10276
10436
10503
10625
10902
10917
11058
11109
11538
11559
11670
11728
11750
11902
11930
12275
12428
12429
12733
12734
12775
12813
12859
13143
13221
13307
13372
13493
13565
13602
14008
14074
14173
14768
14822
14828
15174
15204
15218
15223
15333
15339
15899
16023
16094
16389
16512
16626
16701
16802
16942
17006
17254
17276
17954
17964
18039
18206
18560
18584
18611
18981
19166
19529
19922
19930
19975
20698
20884
21144
21177
21334
21486
21532
21540
21783
21785
21811
21970
22057
22084
22209
22219
22318
22466
22552
22595
22689
22701
22715
23050
23148
23188
23302
23315
23499
23552
23782
23850
23906
23953
23978
24161
24317
24331
24398
24401
24445
24479
24483
24649
24711
25053
25214
25283
25284
25481
25861
25906
26015
26075
26116
26126
26212
26298
26439
26475
26516
26706
26745
27044
27200
27255
27318
27350
27433
27775
28071
28135
28193
28336
28604
28666
28938
29189
29231
29478
29601
29604
29870
29954
29986
30658
30687
30737
30832
31016
31053
31074
31188
31424
31741
31782
32395
32611
32814
32871
32913
32918
33084
33137
33406
33625
33786
33848
33849
33860
33989
33991
34123
34292
34409
34621
34647
34785
34982
34992
35230
35306
35323
35505
35648
35811
35940
35953
36126
36128
36521
36539
36645
36821
36841
36864
37289
37294
37467
37732
37930
37946
38074
38097
38292
38386
38524
38647
38663
38684
39004
39320
39882
39917
39997
40020
40461
40516
40520
40658
40818
40925
40984
41011
41026
41083
41320
41460
41609
42093
42134
42534
42677
42709
43051
43310
43311
43418
43695
44001
44134
44160
44253
44325
44370
44384
44395
44591
44642
44804
45013
45197
45402
45465
45692
45762
45845
45889
45906
46054
46084
46132
46253
46259
46276
46282
46544
46607
46649
46768
47409
47498
47500
47517
47555
47588
47690
47796
48294
48372
48482
48639
48818
48843
48870
48899
48941
49059
49357
49943
50079
50307
50369
50371
50465
50486
50776
50906
50989
51027
51101
51226
51310
51423
51513
51768
51789
52162
52202
52257
52261
52268
52450
52576
52723
52745
52838
52898
52945
53448
53513
53624
53647
53652
53758
53950
53973
54069
54107
54116
54201
54412
54415
54676
54777
54938
55030
55299
55353
55407
55613
55912
55969
56056
56085
56243
56614
56664
57030
57390
57423
57501
57630
57744
57766
57823
57860
58084
58203
58267
58686
58713
59002
59137
59211
59456
59884
60042
60242
60272
60633
61116
61160
61196
61269
61327
61493
61743
61898
61939
62272
62318
62665
62870
62918
63300
63455
63562
63810
64123
64226
64323
64369
64386
64545
64637
64658
64712
64747
64787
64882
64886
65008
65042
65045
65174
65312
65357
65370
65555
65562
65677
65755
66121
66304
66358
66559
66838
66880
67860
67876
68037
68271
68301
68533
68542
68700
68808
68888
69008
69036
69087
69088
69246
69459
69771
70209
70210
70269
70302
70393
70433
70606
70827
70829
70868
70911
70972
71006
71086
71163
71358
71593
71732
71836
71874
72028
72080
72135
72138
72314
72364
72439
72525
72695
72753
73069
73116
73186
73395
73552
73656
73747
73889
73912
74093
74098
74101
74382
74578
74751
75189
75281
75669
75764
75811
75995
76002
76018
76048
76083
76877
76917
76934
76980
77051
77285
77346
77435
77593
77628
77709
77819
78297
78622
78655
78678
78709
78731
78746
78763
79227
79297
79345
79565
79626
79689
79807
79876
79889
80096
80121
80205
80235
80273
80562
80884
80983
81120
81339
81403
81623
81709
81808
81939
82321
82464
82491
82673
82803
83434
83557
83702
83911
84152
84190
84351
84565
84574
84627
84784
85280
85398
86087
86191
86264
86286
86305
86334
86500
86743
86836
86874
86882
86938
87177
87239
87310
87589
87618
87718
87763
87766
87795
87888
88786
88883
89136
89306
89343
89406
89628
89660
89916
90057
90170
90494
90804
90817
90929
91103
91242
91474
91663
91673
91822
91851
92089
92391
92604
92699
92726
92785
92816
92907
93073
94155
94159
94390
94407
94486
95110
95151
95154
95335
95348
95416
95746
96534
96638
96696
96826
96846
97076
97166
97277
97319
97456
97499
97726
97863
97946
98243
98418
98496
98643
99544
99827
