46
89
180
255
362
404
631
655
743
881
1447
1874
1897
2304
2342
2353
2702
2730
3034
3339
3381
3624
3631
3654
3831
3887
4044
4251
4419
4564
4569
4896
4925
5000
5030
5039
5051
5941
6053
6405
6434
6644
6720
6796
6855
6943
7637
7916
7930
8197
8348
8391
8729
8860
9281
9323
9334
9452
9489
9876
10516
10585
10686
11237
11304
11599
11846
11934
12516
12789
13009
13285
13509
13709
13839
13876
13944
14058
14345
14469
14527
14623
15143
15168
15315
15341
15422
15721
15722
15998
16371
16699
16994
17017
17612
17838
18254
18263
18295
18454
18493
18590
18820
18938
19332
19403
19429
19430
19435
19557
19812
19840
20072
20125
20382
20624
20816
21095
21678
21917
22181
22246
22681
22810
22905
22917
23030
23343
23423
23429
23540
23564
23638
23655
23834
23895
23906
24182
24313
24404
24674
24822
25355
25362
25531
25898
26092
26252
26319
26414
26438
26630
26749
26799
26868
27276
27492
27508
27731
27782
27893
27940
28048
28102
28165
28641
28793
29022
29398
29652
29659
29660
29943
30126
30320
30507
30554
30589
30643
30855
30952
30975
31017
31098
31210
31390
31513
31539
31899
32265
32481
32598
32728
32969
33129
33216
33285
33600
33846
34147
34221
34276
34412
34522
34653
34754
35001
35129
35272
35386
35828
35950
35977
36106
36491
36637
36706
36823
36833
37100
37259
37263
37317
37392
37464
37694
38042
38133
38356
38435
38529
38721
39065
39193
39224
39248
39366
39367
39858
39911
40010
40396
40458
40969
41357
41640
41914
42086
42541
42613
42636
43490
43846
43994
44031
44044
44083
44287
44547
44751
44782
44854
44888
45516
45604
45853
45856
46071
46127
46363
46434
46657
46669
46962
47052
47218
47235
47275
47514
47521
47561
47697
48083
48291
49181
49322
49738
49859
50231
50448
50613
50631
50837
50874
51013
51253
51563
51749
51853
51888
52133
52200
52796
52955
52958
53140
53150
53672
53681
53752
53895
53961
54159
54169
54235
54347
54440
54852
55241
55292
55382
55979
56089
56512
57053
57293
57322
57452
57760
57786
57803
58260
58437
58958
58973
58993
59346
59385
59423
59496
59574
59742
59797
60035
60153
60225
60326
60524
60681
60706
60740
60883
61354
61457
61604
61650
61691
62151
62241
62246
62329
62368
62579
62621
63093
63325
64189
64320
64340
64426
64572
65048
65054
65057
65073
65375
65441
65494
65638
65664
65754
65865
65977
66019
66244
66500
66974
67309
67372
67501
67665
68013
68189
68252
68693
68749
68871
69256
69294
69302
69366
69390
69671
69855
69922
70500
71545
71696
71731
71960
71997
72117
72120
72274
72376
72450
72659
72662
72949
72994
73002
73011
73152
73390
73393
73560
73930
73959
74091
74665
74830
74939
75035
75323
75390
75399
75863
76016
76364
76503
76781
76818
77091
77617
77650
77821
77839
77940
78298
78357
78806
78834
78917
79356
79465
79496
79498
79519
79735
79834
79871
79958
80076
80140
80332
80482
80540
80858
80943
80967
80976
81026
81058
81151
81352
81403
81456
81598
82093
82236
82263
82308
82674
82779
82863
82912
82942
83060
83129
83589
83631
84080
84091
84510
84593
85217
86001
86057
86307
86370
86546
86631
86760
86810
86895
86908
87291
87405
88309
89127
89173
89303
89523
89524
89598
89667
89716
89963
90001
90167
90659
90731
91030
91331
91358
91391
91755
91814
91825
92304
92352
92360
92563
92574
92623
92733
93078
93094
93631
93661
93705
93964
94011
94121
94293
94322
94483
94531
94587
94793
94810
94891
94988
94991
95105
95132
95411
95577
95688
95726
95979
96297
96324
96459
97344
97789
97799
97889
98017
98231
98234
99321
99772
99986
