202
6112 19
1051 6901 13248 21317 27539 31668 40142 47382 54018 57834 61716 71160 78666 86659 87586 93072 95625 95722 96465 
1764 19
11406 12587 12597 13065 14379 14640 20779 21325 44025 47404 48550 54107 56196 56758 56985 64281 65649 65781 77315 
3597 20
10118 11413 12667 15572 26650 30212 37962 40462 43181 43268 44464 55285 59146 73670 76133 82493 84345 90138 90342 95110 
4255 20
4701 26711 30433 36939 43634 49819 56287 63616 64636 67242 72649 77860 80831 81866 82795 86205 86341 86820 96564 99761 
5294 20
14456 16698 22139 22848 24523 28350 35912 42723 48322 48438 77661 78899 78911 80627 87435 93228 93883 95852 98765 99504 
5172 20
863 4624 5955 6742 8430 17102 22553 24432 32583 40985 45727 51447 52269 52564 57499 57587 67828 70466 71104 78612 
1401 20
650 4430 10209 18325 21662 25313 32087 33765 35776 36831 40839 41249 59882 63603 63672 77727 85309 88283 89744 99567 
4271 20
1111 11583 12340 16292 18754 20987 24347 26395 28379 29450 34348 43577 44465 48279 49633 54256 61454 68113 71604 86717 
1542 20
2698 20852 23501 25437 32276 35572 37154 41041 41059 43483 46442 47800 48422 50781 53326 57961 74937 86246 88883 91068 
9582 20
15781 18295 25539 26027 38096 49047 57117 62732 65333 68781 71517 72058 72460 75325 76051 79771 80930 82593 84645 91380 
2829 19
8252 9546 13207 27028 41562 52043 56084 60182 74154 77091 82823 85013 85080 85274 91369 91436 96141 97508 97725 
6910 20
1461 1819 10629 15432 15916 24360 29866 29904 30148 34096 42546 59656 68231 72794 74100 77514 79901 83844 84035 92039 
1959 20
2558 6488 8816 15504 22070 26841 26926 30360 30904 33065 37462 37814 40740 58849 65440 66986 78377 79779 80465 92586 
5287 20
3028 3206 6389 7137 8987 10141 25182 25386 27536 28737 45300 61540 69034 70320 74627 74984 78017 80276 84768 85930 
2935 19
1992 7784 13418 14544 29005 34047 34906 37879 37916 44126 63695 68413 75105 79361 84668 89387 89879 91478 94414 
8696 20
2284 3876 5076 17085 24855 35619 38304 42488 44776 45104 65791 66416 77630 78115 82092 82577 86267 87902 89554 94634 
1598 19
3331 9729 10902 11607 11831 13254 17390 30557 34493 38745 38763 51557 56326 57788 64519 76495 79514 81280 93254 
9692 17
991 4046 6893 10196 12574 17138 38246 44492 45235 49181 53196 59362 70740 89000 90107 94674 95232 
9806 20
3034 5897 5999 7833 17347 23799 25166 26491 27565 32539 45685 48636 49240 51194 63040 66069 66792 75753 90405 91531 
7901 19
2992 10970 16893 18318 26579 29395 29644 46423 51089 57830 57998 58602 72008 80845 83308 83517 88339 88594 99186 
7815 19
5927 6691 9755 13176 21168 29279 35113 43089 47844 48124 56576 65395 69558 79735 82861 83165 90067 90719 99502 
1424 19
503 5751 18512 32595 35687 37377 43196 60367 62620 70030 74316 75603 75658 76808 78366 82775 88092 88912 88949 
2493 20
4729 8519 15829 32355 33432 33551 35806 39918 40108 42085 43399 48818 57871 58246 63953 74389 76814 79579 83473 95617 
9294 20
747 7009 16973 23597 33522 37479 37909 42080 42870 48181 54341 57295 57516 59429 68640 72711 87581 89243 96726 97076 
1750 20
3419 7149 10305 11023 18814 28733 41618 44587 54370 62902 64392 68603 68908 70715 74833 80077 84480 91723 91749 97517 
8407 17
553 1674 13322 24530 29682 32342 35536 36215 43528 49023 53003 58976 61032 71533 71975 73812 90837 
4630 20
368 7100 7177 28823 29479 43959 47610 48216 54033 57171 66660 67946 69243 72945 79817 82768 84525 84719 91356 94786 
2644 20
4356 6193 8260 21544 25096 25465 27945 35291 35476 43777 45285 45494 45568 53516 57696 76246 84739 86734 86827 91944 
2995 18
1247 5274 5441 9318 18246 19261 19577 21413 30202 30414 34544 43436 52134 52146 57138 63121 74081 84242 
7358 20
6016 8226 30585 34122 34271 36550 41726 45114 46203 46729 47834 51487 59605 63957 65508 65619 67570 81543 81897 88944 
8046 20
1801 9462 13731 16932 19009 23451 35624 47686 48638 51652 52846 53710 53756 59572 67877 70753 70965 80588 89532 93679 
1364 20
5480 6637 7442 9703 13278 16602 18075 22118 31631 35016 36175 43337 46785 50191 53457 61473 67215 78179 83629 95115 
5621 19
3209 4633 7845 12746 14822 19098 27127 28194 32620 34928 45934 52140 56717 59919 60026 78307 80098 91081 94534 
4139 19
4532 15677 17427 22546 29502 30583 31040 31160 37278 42697 49140 54109 56378 58217 66706 81556 88407 98735 99384 
1606 19
443 5223 14572 16695 22806 60313 70198 70712 70957 73298 74681 81083 81745 82204 87052 89988 92791 93400 95307 
3015 20
4840 10788 12014 18432 32227 34244 34807 44696 45093 45619 50932 55366 56574 57506 59103 60802 61320 62459 84758 94206 
6727 19
169 751 3037 9678 9975 20419 27475 33345 33423 35650 46683 53500 62815 68367 71129 89031 89985 99419 99493 
3340 18
1489 7453 8177 23964 31484 33191 34884 37866 45755 46621 54815 64382 66710 76201 77225 82696 89643 96673 
5073 19
1600 1651 10573 17662 21584 30100 36875 40888 41490 45208 46035 48921 54000 61732 68016 70780 73007 86595 92389 
9530 19
3263 3782 5518 8645 18334 27657 30646 46332 59229 65930 70247 71577 71665 72234 78919 83438 84206 91234 94433 
6712 19
4014 4260 8461 10214 14454 15454 21673 28022 36804 55337 60773 62255 72059 76611 82890 85203 87917 89403 90135 
9242 19
1941 3638 6430 10725 21470 26479 29313 31590 33400 37102 37862 42919 49420 52262 54825 74072 78355 86748 89260 
4275 20
2809 4338 21220 32042 39744 46631 47970 60857 63686 70417 71821 80800 80892 86091 86342 92110 93416 95189 98905 99148 
9805 20
205 3203 20438 23730 25462 30299 30928 34639 53462 54566 55021 57977 60084 61658 63350 64975 69928 77204 82251 85938 
2611 19
2013 2252 20379 20784 29310 29626 30014 35787 42207 46689 52184 55573 57813 70329 71017 72537 75980 85641 97483 
7219 17
6933 8046 10232 10771 30095 46688 52610 56374 61498 65577 76261 79025 80035 81402 83244 95844 99905 
6977 17
1942 16614 17293 26326 32183 32393 34286 48057 50143 66128 70124 70449 71114 75975 97203 99006 99975 
7412 20
5212 9474 13706 17176 27169 31548 33887 33927 34867 43542 45165 52651 55422 59333 68343 69932 75750 80424 86753 94954 
4433 20
10802 12864 19352 23365 27731 29276 38711 43036 46541 51197 51203 53097 54230 63561 64294 66206 66372 68362 84020 94976 
6832 19
935 17907 18282 20256 22132 25364 25371 26356 39171 44438 59365 65767 72490 80719 83082 86543 91032 96968 99670 
2468 20
4270 6745 15132 22455 44075 48757 50910 55111 58641 58943 59586 64188 67246 71515 75860 76499 82367 84408 92160 97638 
7218 20
7404 9385 10604 17868 19101 21624 32922 41014 42873 45458 46565 49821 51664 53763 58235 67526 68180 75619 88476 91340 
7834 19
5965 7810 8043 15667 17644 19199 28688 34715 35584 42104 43920 46790 49481 51735 54148 58700 60732 63472 66811 
6247 19
1016 1267 9586 13773 16436 17357 23903 39781 43826 52998 57766 68930 80219 82602 84919 87127 87397 93861 97839 
2442 20
4533 9663 16400 16842 25730 27609 31444 40660 48214 48399 48981 58775 62385 69852 72868 73543 84503 96549 98604 99505 
4413 20
3122 7199 7762 10327 14730 18639 20025 20941 28378 32534 37650 46770 49728 57058 59260 66666 68090 84151 86589 91694 
2664 19
30059 31295 39531 47150 47589 52093 54995 57718 57976 60287 65434 69525 70202 73448 73485 80596 84514 91693 96111 
2384 19
6258 15032 28226 32593 34763 40138 40514 44035 47168 52570 65527 66377 72828 74373 75040 83871 84077 89392 92352 
7040 20
6429 9114 10448 12011 15896 18632 19113 20104 26840 36601 40241 40704 51633 52031 61395 63916 68762 80914 81695 95228 
7541 18
5324 9812 11479 13215 19940 20145 36106 36777 38348 39512 52966 67202 83095 83579 86275 89555 90316 93685 
7389 18
6141 7893 8061 18996 19237 23459 24479 28797 43180 50251 52922 55750 57523 65733 73191 77292 88532 96539 
9269 20
9353 16975 17441 19235 20210 22497 23128 23676 26347 26592 29253 37052 50815 57458 59944 76753 86757 93686 95977 96352 
5197 19
959 2237 16340 22871 23035 24753 31799 35091 36950 39479 40458 45343 58313 69462 72674 79138 86398 88446 92028 
8736 20
350 5591 8865 11859 16084 21646 24446 25964 33504 33706 38512 49650 51427 60008 66827 69455 80692 85576 90079 94262 
8750 18
7264 9468 22364 31847 32270 34853 38092 44610 49185 51553 56668 58401 62683 74777 83312 87766 88161 92134 
8839 19
4964 11548 13780 15830 17418 24954 25692 25978 30601 48420 61444 62467 66404 73517 76776 79479 80409 81713 93992 
7484 20
499 1233 6999 13048 24604 27513 30428 31262 33011 33899 35042 51693 62288 68859 74915 80159 83090 89053 94567 97413 
6185 19
1550 4259 10957 13777 26521 39140 43886 47875 49168 50605 53631 64503 75533 80553 81670 85140 88182 92901 94908 
7709 19
6194 9816 17174 23021 24499 28069 37972 53259 56021 58854 67654 69407 70512 71892 78733 80735 88615 91415 99195 
7072 19
3659 14344 17708 23190 23931 26289 28666 39286 52746 60880 72820 73842 80706 90714 95521 95736 96718 96889 97556 
1465 20
96 6159 7543 10613 18009 19036 29361 30721 33539 38758 44199 45149 50666 52286 71796 74811 78843 81711 82355 90912 
2922 20
9446 16526 19408 26814 30076 32682 33208 33656 40862 42405 45653 51794 53663 62828 72305 72829 75524 76311 87058 88220 
6464 18
7421 7568 8972 19163 37271 42093 42483 49221 51166 58880 66338 70117 71231 73743 73781 78557 84763 88610 
1262 19
4865 12010 15082 21917 28974 37217 52936 59548 60418 63823 76659 81930 89597 89874 91379 91993 93039 97293 99440 
5280 19
7245 13124 18672 20382 23202 24160 25926 33324 40099 40635 43188 54599 59088 61687 74762 79446 82615 85419 85492 
8884 18
3550 6991 11645 12151 20310 22326 26684 36919 42053 55880 59177 63572 67226 68993 82713 90230 94654 96767 
875 18
1076 7369 16430 18696 19725 22879 23244 24063 25801 31777 34973 45012 50280 58702 66502 69768 76351 83367 
9636 19
3261 4076 7273 8473 11817 13836 14039 22875 26596 27211 45399 52435 66300 74739 77358 81091 85429 94382 97065 
1215 19
3191 4878 11905 28288 31267 32697 38005 38052 51428 66450 67496 72157 72463 74238 76553 78323 87296 92420 93761 
974 20
2107 5647 8501 18023 18860 29246 34577 36841 44538 50200 50584 52218 52876 59541 59834 75170 81697 81788 90806 95871 
5639 20
3492 5820 6993 9399 10915 18113 24597 34598 35423 36910 37394 40505 47904 48368 54255 56052 80119 83004 93994 98037 
333 20
629 2253 14167 16094 17375 22979 26728 28898 42018 43130 54340 56312 56452 65703 66077 66274 77281 83552 85210 98009 
5928 19
2104 6437 6800 9901 16327 30727 42070 46283 48786 58003 58680 70381 71629 73704 89184 89660 92971 93169 98020 
1551 19
2684 4790 8504 9404 12481 21609 34746 37223 41567 44066 51535 56068 57225 57630 60973 68416 88606 97265 97317 
6141 18
11291 13895 14509 15322 17779 38111 38641 48360 50634 53624 53885 57400 75195 75205 82967 88688 91077 94993 
2005 19
17246 19293 21358 26904 31161 36257 57394 65171 70907 77068 78552 79354 83642 84815 85118 94316 94802 95397 97916 
1420 19
1597 11526 18028 20791 24206 24401 26410 27803 28783 39276 46426 72371 74425 76512 80524 82035 84686 88102 89894 
2666 17
4386 15898 18220 24085 25484 26796 29143 33667 53405 55114 60452 76598 77976 78768 86730 88819 95190 
6263 20
6514 6859 17914 28689 29130 37903 51412 55235 55483 55536 60147 63022 65865 78035 79926 80246 83442 84977 87009 94082 
6715 18
1147 3598 9544 21077 26822 34769 35878 49510 67956 68116 69349 70288 75926 92033 94724 95314 96008 98111 
848 20
681 1508 4371 7640 10699 19413 26029 26788 28295 66596 69839 71790 74184 76562 80884 87597 88991 94950 95698 96781 
5608 20
5011 19034 25460 27604 31023 31736 47547 55890 66487 72801 77010 77152 77270 80381 80523 81161 83487 88551 91541 95222 
7793 19
18067 19140 20711 31285 32793 32914 45180 58735 61304 64014 71042 72328 72487 73878 74441 76578 76605 85846 94310 
9359 19
1087 3917 8847 13330 16230 25878 27446 34050 35104 50397 63696 64099 68912 72169 73996 76616 81348 82061 89808 
9847 20
11764 25360 31148 34886 37905 40102 42249 49572 51583 53569 67470 76930 81346 83320 83562 85170 86436 90236 96190 98774 
9060 19
2832 3631 15588 17460 21954 28418 30539 32288 39421 47744 49125 51498 58438 73534 75184 78524 82115 85768 91847 
6350 20
12098 13595 22137 28244 29478 29897 48297 51631 74719 77825 80162 81013 85008 88930 90683 91017 91967 93115 95079 95651 
6408 20
1689 7013 20727 26662 28955 35842 45766 67157 68047 71706 72073 75512 75829 88726 89199 93948 95538 96312 96625 97811 
9980 19
678 7725 13131 18809 26187 27823 29629 54620 62181 64647 65284 65687 67749 71117 75845 76719 90109 93626 95073 
165 19
6338 28355 29967 33518 37089 51720 56855 57068 70232 71402 76135 77356 77458 78531 78600 81958 82111 88798 91426 
532 18
4761 9513 22798 28371 40565 41915 44285 50729 55620 67734 75534 78986 79778 83846 86400 89500 91636 92286 
9221 19
8245 19985 24514 25306 26344 29873 52725 57012 67088 70487 74554 76388 83297 84026 86722 88738 88825 90500 93774 
6550 19
7958 10051 11530 12759 16395 31067 33058 35700 49892 57286 57527 63103 65313 80912 85050 93066 94970 97138 97857 
6588 20
1988 2159 7618 19537 36766 37636 38766 42352 47631 48982 49067 50809 50826 60125 66794 75758 75995 82960 88210 98341 
3301 20
1990 2972 4023 4947 8738 16442 17449 19556 19561 25109 31788 35755 38908 40547 70229 71697 87044 89106 92476 96993 
2253 20
225 15113 15369 16297 16480 25107 37203 40755 41436 43078 47500 55119 71521 73192 77523 89178 89202 92577 96855 97419 
8093 18
1934 3141 5675 11320 15847 17236 18541 22993 34533 35669 39976 46747 53286 70998 84931 89863 93112 97945 
4172 20
375 1809 9431 11279 24224 24564 25870 34144 37227 61291 64796 67135 73170 76277 76947 81230 87093 89841 93456 95094 
3240 19
2140 3239 12530 24970 28472 31252 31503 40965 41151 48404 58788 59117 60493 63771 66073 70624 75140 88967 95905 
6718 20
1672 5870 6306 11486 14462 21013 22505 25050 38427 45002 46024 48788 49208 65227 73545 76171 84004 86973 90174 90812 
6688 20
9103 22578 31119 31499 31997 36135 49367 55025 61095 64789 79150 81121 82872 83085 89247 90381 91244 91570 92751 94490 
5883 18
4846 5749 7641 16870 30065 31854 36814 39790 43798 46693 52764 64138 68537 83191 84184 85585 87478 97060 
1946 19
5055 6934 16007 18216 26043 34940 37602 39379 43211 45740 59859 61933 70491 70889 72024 81283 93984 94057 94673 
1418 20
5959 16675 20226 26719 36158 37168 40677 41546 45974 48647 49730 55364 56066 56241 70987 76551 76713 80455 84881 90864 
3313 19
12670 13500 15087 15393 16056 21240 27001 27145 29372 29810 39101 54001 55400 61534 69247 76838 78315 86764 97791 
8964 20
4600 9673 9849 15675 17605 31142 35362 43860 53561 58163 64755 75538 76338 80136 80145 83880 88448 93683 96959 97490 
9870 20
7031 10416 26958 27792 34399 34553 35036 35560 40288 40333 42155 49916 59381 65133 68752 84963 91285 95460 98810 99838 
9800 20
4382 16573 21735 23887 27170 29173 29458 37308 39110 42314 50977 62235 62670 65584 72219 72334 83343 84088 87909 97820 
3205 20
809 20758 30243 34194 40700 42953 48744 54008 56958 67438 69207 69228 71591 72304 76807 78036 82634 84068 89005 96931 
6871 20
599 12282 13601 16615 21581 31515 36149 39044 40071 42836 47629 59246 59306 66013 67662 74615 74736 75548 80127 87851 
6937 20
2814 6552 15426 20272 26012 33859 36164 44769 47247 60107 62072 62652 63659 64550 80846 85692 89923 90470 96138 97743 
2495 20
1722 4707 14896 22049 26985 27764 36009 45994 47549 48434 65060 65423 66336 68844 75157 76494 86359 86643 92082 98988 
6474 19
3333 8797 28006 31819 32375 35697 36087 38755 39311 41476 41712 43052 49145 60152 69757 80600 87526 89223 95287 
6236 20
6736 21997 23755 26472 31748 37495 43916 46152 49075 67257 71100 72514 74537 85494 88550 89011 89336 89773 95663 97316 
1851 20
2958 8076 18328 19732 24372 26999 29689 42784 47864 62449 70104 70893 71754 75646 79332 85434 90832 93418 94077 98532 
5654 18
3479 3565 8560 10907 13720 26060 26456 42559 47669 49319 55252 58774 59164 80070 83268 87670 89846 94010 
1841 20
2761 3036 6586 8138 9497 10323 21689 31189 37199 47022 57389 66478 76892 77503 84061 89534 90937 92269 95102 99961 
9256 19
8683 12588 13808 28721 41179 43914 48002 48604 50451 53175 56186 57288 79478 88744 90733 90801 96774 98322 98387 
7485 20
1530 11459 12622 17261 23497 24630 26815 36115 45375 62708 66322 71957 74992 75863 78824 83709 91006 92488 93074 97948 
1071 20
6476 6887 15724 16958 18563 24067 32627 37300 40591 51129 54740 58381 63642 69803 71649 72878 93264 95131 95206 95444 
8903 20
2106 15826 18017 23782 25647 27919 32021 34201 36675 41038 57029 57343 68033 72762 78859 85260 89694 97455 97548 99759 
5628 18
2466 19434 20184 37945 42200 42494 49668 50978 56090 60959 62968 65347 65848 70848 70865 77697 93725 98738 
9011 19
18690 21190 21777 22287 24903 28280 31352 36209 41392 59915 66746 68078 71955 81030 84182 91445 92274 93635 97859 
6132 20
3129 7367 22965 24486 26482 31414 31537 35404 49399 51697 53964 70159 70814 72999 78304 82418 86473 91995 98166 99616 
706 17
1804 2442 2800 9322 10091 10130 13147 15331 20841 20981 21956 27067 28375 33992 68665 90300 96598 
3050 15
7507 14042 17096 20053 20139 31709 41617 50044 55851 57053 63291 69020 77035 80440 89911 
5878 19
560 3227 9243 24235 26382 31596 37761 40835 44649 54676 59590 66952 69799 74694 76678 77185 84287 98054 99054 
1379 19
5584 6759 13597 18061 26558 29568 30402 33885 35731 40691 50974 50975 54450 70157 79392 91675 94194 98744 99303 
4214 20
4781 4888 7574 9893 12852 35921 45593 51192 51351 51564 53206 54352 60102 73820 74644 76415 86503 88932 89105 90447 
7223 20
8314 10849 15989 18879 19198 20730 23151 27130 27721 34182 52320 59305 60703 67807 70059 70266 83700 89055 95218 99790 
7557 19
4837 6468 21062 23140 31883 31895 38895 39949 40655 45739 56578 61791 71193 75834 82235 86238 89518 90708 98991 
4713 20
344 2430 4500 6256 7840 15110 15233 16018 18798 20393 20958 42024 47016 55232 70362 72070 76521 79089 86903 97498 
1721 18
979 1271 1328 6368 9681 12706 12941 13436 26762 29998 45900 46182 49144 66601 75648 92021 96680 97360 
7860 19
420 3402 9732 10683 19307 24305 34841 36445 41569 42738 47710 48240 50291 53950 59875 70194 70323 75104 84469 
2383 20
4339 9842 10962 26122 26969 28930 31334 32182 38361 41218 49004 56401 56433 59468 63233 63388 66935 71921 80222 91546 
5503 18
2403 4506 13043 17089 17310 18873 23775 24958 39006 39743 40308 55199 56070 64130 75005 84016 86943 95677 
5747 19
4551 4922 5477 6244 10681 17337 21990 22476 28043 29847 31431 49244 55061 58762 61271 65590 73983 76982 84961 
8181 19
7259 15098 23141 29408 34337 37489 39996 40430 45999 49564 52171 56597 56979 59532 74272 76450 80560 82963 83126 
5268 19
6354 9693 18226 27271 35742 36824 38777 39324 43629 44171 67509 72659 76207 76981 80163 82841 86087 86878 92722 
9342 19
1919 3597 8794 12970 23403 26016 40759 43938 45719 49258 50743 54335 68511 70869 71781 73823 79450 87459 99237 
1456 17
4361 14939 16266 16986 32097 47245 47366 47831 58663 65834 67018 68541 82125 85133 85686 93384 98342 
2943 20
4916 8051 10040 11954 14627 19155 34734 35038 36728 38998 42824 44522 48077 56395 56722 61497 68429 68857 89074 90985 
3996 20
1780 11956 35666 43290 47535 51006 51051 55704 57060 58993 61597 70919 75272 80609 84099 85299 87377 87655 92155 93675 
8679 18
4751 8456 9977 11756 22541 24578 31354 32609 53446 59905 69152 72105 72708 80286 80923 84389 91990 95335 
1308 19
5425 18345 24003 33440 42318 42684 45173 47574 49382 54475 63857 69792 72568 78234 94006 96708 98799 98811 99755 
3764 20
4642 6181 6290 26712 33508 51167 56429 60695 60792 69583 69806 71135 75741 76664 83190 84960 85103 86064 89748 95518 
4355 19
1478 7753 13807 26051 28851 45052 47254 50139 51294 55999 56024 57430 60822 62132 62148 73320 81916 87950 98644 
3069 17
1388 2904 5537 8143 9878 13607 25563 34797 43919 44352 45787 50189 65572 76490 92895 96849 99210 
1972 20
1204 8613 11627 23587 29462 32437 32969 33606 35132 47295 59595 65305 65662 70806 74387 74510 78442 78954 79347 81506 
9730 20
6266 9781 11655 14811 19222 22331 24739 32356 46789 53014 55585 58576 64189 70796 77896 86731 90332 93533 95043 97708 
4832 18
4454 5466 5678 8084 11151 17987 19225 33710 41984 45847 46705 58981 68023 69973 71631 75615 91604 93054 
7037 20
5450 12469 30514 37019 43065 43135 47961 48839 48985 53124 53984 56971 65088 76844 78772 80734 81267 83890 91291 99397 
6094 20
221 23926 34292 38025 40450 53451 60997 63342 67491 71611 71778 72426 72589 75071 88227 90979 94923 95466 95557 98301 
9852 20
2901 6912 11346 14664 17676 22245 24273 42466 43414 43624 43809 46923 47385 49328 52206 65136 71367 76378 77919 87708 
2590 20
5742 24522 29997 34053 37688 42927 43951 45069 45635 48875 54953 58315 59603 66541 70859 78111 81087 83513 90452 97615 
401 20
2236 4749 5896 13170 13769 17057 20960 26745 37875 45239 48257 54414 56920 58449 61483 75380 76566 76985 86633 88244 
2047 19
956 5708 7932 10296 16253 16869 19298 28650 29083 31450 37522 44463 65400 75223 75276 80520 81296 85450 94556 
9737 19
6091 14225 29309 29563 29742 38358 41855 48490 55201 58047 66868 67536 67947 71043 71264 72656 84487 86655 89434 
2281 20
6090 15230 15465 17153 19958 29542 37083 37313 37559 41258 41965 48566 48856 60457 62486 79355 82898 86617 86913 86939 
2235 19
4980 18597 19971 24426 31664 34107 39343 47269 56327 60651 65586 71171 75038 81026 90978 91372 91502 94805 95174 
2274 20
706 5336 5724 13812 14237 18594 20424 21433 31581 45754 50802 51872 68863 69748 71022 81383 83970 89548 95580 95634 
1966 17
8523 14222 18759 22877 32503 42289 44201 51362 57809 60672 69105 78308 79121 83275 83505 89946 96754 
67 20
3776 8420 10379 13875 17819 19160 23088 29957 38474 43389 43532 53171 56251 66461 70823 78606 80138 96609 97315 97380 
3223 18
13444 14959 20739 23213 27504 27778 28497 31259 34131 35749 40460 72482 77868 84505 85020 88337 91948 95880 
6528 18
7474 8991 13492 15264 19149 25347 26612 31839 44540 47273 50675 52222 56565 66048 75647 89483 94286 95983 
2872 20
3029 5149 5565 9651 10387 15290 21967 25658 37800 39893 44347 46245 50922 53109 71926 76796 77664 79408 83886 93211 
5971 18
17058 22135 22971 26586 29132 29902 30555 33269 36326 37400 38344 46878 48281 59170 66882 70249 74513 83747 
8713 16
1490 5124 10372 16942 23882 28902 30057 34916 34939 42292 43209 61429 67293 72714 79029 80978 
2172 17
6364 13272 18601 18753 30440 43889 59150 61584 62183 70873 70909 71891 73762 79309 81318 86553 94155 
6213 19
9811 10865 13393 29045 29136 32725 40932 46054 51875 58212 63457 63817 64840 72552 77424 82724 82901 94635 95472 
8924 19
3317 4045 11531 12031 18916 19112 35164 35280 36417 37607 39946 43711 60589 63884 70709 74346 75238 82408 94983 
3523 19
672 6594 14623 22389 39469 40136 46939 49092 55861 56113 61656 63837 66494 69437 82484 83589 85122 89143 92911 
5040 20
51 447 3998 9093 9582 17007 19369 21936 32871 34115 34725 39540 49205 50427 50896 64955 79081 79933 87286 88464 
2798 19
2298 3363 5547 7485 13972 24639 25320 28463 36023 39151 46101 51701 55073 58337 62930 74714 79291 90997 96876 
3940 17
13590 15831 21728 30845 31355 37621 46368 49524 58153 81194 82599 86701 93821 94706 95469 97083 99161 
7454 20
2689 2732 4424 17645 31054 33783 36989 40925 47915 60581 62802 64954 65962 68045 69299 70501 78091 86612 96529 96982 
6974 20
7438 9837 11666 23545 29098 38847 41411 43942 44804 62493 65028 65090 67111 75842 79596 80790 87234 88359 90778 95895 
4849 18
11028 12943 21608 27109 28718 31753 36329 38748 56882 60333 60778 61868 61887 62410 71897 81491 86843 87643 
6656 18
10195 13355 18667 26819 31792 44223 46400 57352 63240 68962 71534 77941 85014 89539 91324 91373 93514 95713 
2219 20
6981 16839 18150 21066 22834 30534 32374 45423 47192 53090 54038 55321 55360 56046 56654 64114 79506 80060 81731 94060 
5334 20
4656 14964 15142 19233 20608 23728 37532 40560 42760 45102 50292 53476 59122 60477 64881 66577 69842 78042 78893 89359 
2055 20
5499 18570 30771 31848 41440 41799 47379 47421 55571 57445 59987 61117 62518 65188 77093 88144 91863 92375 93835 97431 
684 18
3569 6642 7471 17968 18534 29962 47959 59709 62168 63941 75396 76404 76599 77143 78566 89530 90353 96289 
6516 20
5113 10925 16781 21877 33632 38420 45138 46630 55852 57050 62846 63543 65985 77689 84723 85565 91852 93805 96845 99145 
7944 19
8190 18057 26419 30787 33620 37592 41921 44847 46168 48814 51986 58459 59069 75284 77037 83071 85337 89051 94500 
2485 20
1214 3982 6009 6699 13658 19073 21546 24975 25501 27166 28186 30175 32708 41352 44567 51964 62951 69899 90283 95201 
4493 19
966 4550 9127 11542 18211 18954 21504 21576 31388 33398 35565 38337 42420 54738 55767 62757 64895 68092 97991 
3490 17
523 9042 9197 16656 25948 26137 26325 28515 28574 36562 38819 42799 47025 53819 63597 73667 90057 
5730 16
5509 7350 15805 17026 21283 24823 34036 37474 51948 63395 67271 69449 91283 97162 97370 99539 
2751 20
8193 8216 8336 14078 14360 17685 23706 25176 30553 41195 47387 56546 57073 64018 68699 69810 75564 77763 78785 89382 
3406 20
2525 2838 3749 22649 28551 33196 36740 37390 39556 53507 55139 66604 67680 77535 82683 82917 84299 86556 86708 91345 
5272 16
6228 8396 14946 18631 26000 37152 37339 37519 38740 49264 50995 52185 54677 79790 82744 83652 
