38
953 200
225 249 270 385 545 647 655 901 936 1097 1176 1197 1517 1962 2036 2046 2138 2203 2295 2317 2364 2403 2441 2443 2513 2607 2675 2705 2834 2835 2984 3336 3456 3730 3802 3843 3918 3939 3947 3950 4147 4414 4486 4489 4616 4689 4690 4831 5062 5154 5345 5466 5545 5560 5579 5658 5705 5815 6014 6199 6260 6348 6366 6391 6752 6815 6816 6822 7455 7501 7515 7592 7829 7964 8016 8087 8302 8388 8527 8634 8734 8989 9137 9174 9426 9431 9507 9561 9567 9579 9598 9696 9701 9793 10151 10207 10217 10553 10609 10694 10765 10974 11265 11370 11454 11552 11556 11569 11701 11915 12168 12176 12507 12881 12883 12889 13089 13209 13459 13527 13633 13634 13669 13803 14088 14479 14485 14529 14581 14617 14621 14811 14889 15320 15351 15592 15714 15795 15912 15983 16002 16222 16311 16363 16386 16421 16875 17045 17159 17203 17479 17540 17603 17606 17699 17707 17714 17786 17854 17950 18077 18103 18302 18487 18510 18549 18656 18717 18886 19009 19041 19124 19224 19674 19783 19798 19809 19822 19888 20055 20172 20254 20276 20394 20432 20509 20544 20572 20969 21046 21050 21131 21172 21242 21373 21409 21445 21469 21626 21663 
298 380
77 78 118 308 382 443 469 640 666 682 1144 1158 1194 1371 1539 1860 1893 1914 1915 2214 2592 2609 2655 2680 2857 2863 2943 2963 3040 3073 3223 3333 3452 3542 3558 3601 3614 3814 3852 3949 3988 4127 4204 4293 4437 4445 4511 4563 4581 4718 4808 5306 5507 5723 5728 6282 6313 6375 6417 6458 6608 6609 6672 6895 6988 7150 7191 7286 7408 7437 7488 7533 7814 7938 7954 7984 7997 8104 8463 8602 8657 8720 8883 8923 9028 9061 9113 9125 9146 9182 9183 9407 9445 9474 9563 9615 9705 9774 9832 9938 9996 10091 10128 10187 10501 10522 10606 10624 10937 11016 11018 11176 11466 11596 11957 12118 12133 12452 12614 12661 12903 12958 12961 13087 13268 13274 13519 13802 13822 13884 14326 14335 14394 14416 14573 14756 14818 14916 14931 15279 15653 16141 16155 16306 16352 16481 16538 16657 16736 16771 16904 16907 16982 17221 17687 17845 18162 18171 18232 18292 18326 18374 18551 18608 18696 18861 18908 18918 19044 19115 19233 19309 19359 19441 19466 19506 19509 19651 19788 19926 19962 20059 20097 20403 20412 20479 20661 20761 20889 21015 21077 21524 21585 21692 21786 21886 21894 21955 21978 22798 22867 22977 23023 23070 23079 23124 23140 23201 23338 23656 23802 23913 24087 24139 24150 24167 24181 24504 24545 24648 24757 24820 24971 25373 25406 25539 25549 25565 25699 26223 26245 26302 26360 26448 26453 26646 26664 26687 26805 26921 27146 27172 27220 27259 27272 27364 27427 27507 27567 27583 27683 27701 27719 27804 28124 28236 28424 28428 28468 28504 28511 28699 29069 29141 29176 29392 29424 29678 29730 29790 29802 29862 29892 29934 30194 30243 30612 30614 30653 30686 30794 30809 30878 31001 31079 31645 31668 31914 32051 32183 32198 32264 32461 32557 32617 32776 32921 32935 33006 33053 33058 33317 33394 33419 33484 33519 33537 33567 33573 33575 33598 33619 33671 33726 33852 33866 33894 33902 34051 34178 34200 34212 34243 34244 34336 34343 34356 34546 34689 35331 35343 35349 35453 35491 35496 35615 35875 35885 35970 36151 36184 36308 36339 36356 36471 36639 36650 36752 36866 36893 36944 37012 37124 37133 37282 37332 37535 37556 37635 37733 37840 38167 38404 38455 38457 38542 38737 38760 38837 38939 39007 39026 39070 39175 39245 39632 39854 40079 40226 40293 
264 183
63 65 177 179 250 366 576 591 922 930 941 977 1007 1212 1224 1309 1462 1603 1622 1702 1815 1823 1998 2175 2201 2219 2236 2347 2400 2404 2473 2548 2681 2932 3154 3325 3400 3526 3551 3952 3991 4028 4074 4501 4713 4915 5001 5215 5275 5459 5504 5517 5526 5549 5821 5906 6185 6355 6379 6479 6580 6820 6886 7190 7200 7350 7550 7770 7825 7888 7904 8043 8163 8296 8392 8507 8564 8780 8969 9023 9331 9400 9405 9409 9644 9702 9768 9839 10004 10030 10066 10153 10156 10172 10211 10214 10289 10362 10399 10486 10997 11174 11453 11462 11490 11541 11565 11573 11611 11662 11756 11774 11902 12151 12312 12337 12357 12383 12403 12485 12579 12704 12718 13002 13012 13073 13131 13419 13449 13485 13562 13580 13589 13607 13619 13652 13745 13839 14001 14119 14236 14304 14388 14432 14451 14457 14591 14606 14638 14702 14750 14820 14825 14951 15163 15188 15191 15520 15802 15876 16061 16070 16253 16270 16384 16595 16602 16679 16757 16833 16876 16903 17197 17331 17400 17405 17549 17553 17665 17805 17927 17945 18284 
253 177
341 383 918 991 1118 1134 1154 1204 1331 1583 1654 1720 1864 1948 1961 2023 2061 2168 2379 2458 2530 2629 2747 2837 2890 3019 3061 3094 3110 3258 3484 3517 3565 3581 3585 3742 3789 3916 4024 4053 4069 4165 4364 4455 4568 4595 4658 4694 4735 4864 5031 5262 5359 5584 5613 5641 5709 5766 5829 6156 6293 6320 6516 6597 6864 6881 6994 7044 7096 7154 7198 7267 7343 7370 7400 7485 7555 7594 7653 7679 7750 7785 7789 7798 7924 8009 8081 8358 8365 8548 8629 8770 8828 8846 8873 9078 9286 9294 9627 9708 9784 9851 9909 10270 10405 10526 10536 10562 10647 10755 10949 10975 11038 11070 11151 11288 11667 11719 11843 12049 12103 12171 12179 12346 12384 12415 12444 12537 12589 12632 12694 12731 12744 12749 12918 12929 13179 13205 13287 13495 13769 13782 13962 14199 14657 14689 14779 14834 14986 15094 15372 15383 15417 15430 15605 15851 15953 15980 16014 16339 16477 16509 16659 17068 17094 17099 17204 17334 17467 17498 17499 17555 17585 17761 17775 17822 18063 
475 336
161 261 450 536 549 632 664 733 955 959 1291 1417 1465 1553 1572 1658 1930 1939 2026 2027 2213 2316 2322 2412 2765 2905 2928 3041 3135 3271 3943 4023 4160 4237 4341 4392 4458 4513 4724 5075 5254 5305 5343 5384 5393 5502 5512 5552 5581 5785 5874 5931 6037 6056 6118 6132 6198 6212 6303 6364 6384 6431 6459 6838 7107 7133 7208 7225 7307 7519 7635 7668 7746 7849 8078 8323 8360 8504 8526 8725 8736 8899 9029 9240 9329 9452 9559 9602 9733 10107 10121 10201 10278 10578 10701 10913 10923 10934 11031 11097 11211 11420 11470 11544 11585 11825 11987 12025 12035 12223 12374 12641 12653 12843 13006 13148 13355 13618 13874 14249 14465 14523 14603 14643 14878 14898 14907 15077 15198 15219 15317 15569 15629 15682 15837 15855 15880 15881 16076 16099 16164 16220 16581 16730 16739 16888 16955 17040 17173 17229 17458 17462 17634 17678 17937 18253 18329 18548 18571 18714 18715 18745 18763 18779 18924 19232 19335 19381 19642 19831 19845 19854 19916 19979 20265 20468 20537 20705 20849 20890 20926 21008 21070 21234 21304 21325 21564 21566 21662 21679 21721 21735 21739 21764 21802 22020 22150 22175 22199 22258 22278 22344 22394 22539 22627 22658 22684 22789 22874 22935 22944 22964 23040 23378 23487 23509 23593 23596 23860 23867 23962 24033 24194 24358 24522 24609 24753 24764 24988 25036 25075 25077 25170 25239 25256 25266 25694 25814 25822 25989 25995 25996 26143 26395 26857 27047 27081 27296 27305 27370 27381 27482 27499 27503 27653 27675 27679 27709 27860 27884 27973 28115 28146 28151 28307 28357 28555 28658 28664 28719 28830 28937 29165 29257 29407 29786 30100 30146 30287 30409 30434 30524 30555 30624 30643 30712 30837 30999 31141 31302 31382 31554 31573 31636 31892 32080 32197 32208 32469 32598 32634 32697 32798 32941 33008 33148 33343 33353 33489 33578 33613 33659 33808 33823 33827 33935 34014 34181 34186 34240 34423 34568 34575 34663 34670 34765 34883 34899 34909 34945 35121 35159 35278 35409 35467 35636 
594 164
41 117 232 472 577 717 852 875 1044 1116 1191 1392 1475 1550 1660 1667 1722 1814 1866 1873 1892 1932 1956 1968 2056 2267 2348 2520 2757 2783 2793 2839 3048 3123 3127 3133 3204 3234 3263 3303 3387 3444 3501 3548 3638 3674 3895 3959 3971 3987 4006 4067 4136 4156 4169 4342 4519 4627 4802 4815 5067 5107 5118 5198 5216 5249 5438 5602 5779 5887 5964 6181 6228 6407 6410 6500 6624 6633 6707 6739 6742 6954 7527 7575 7662 7753 8079 8130 8589 8702 8735 8797 8858 8910 9011 9032 9091 9249 9601 9653 9790 9811 9905 9930 10150 10252 10685 10925 10940 11083 11273 11285 11379 11482 11607 11696 11819 11999 12066 12184 12199 12206 12256 12326 12391 12393 12572 12662 12923 12942 13003 13035 13144 13146 13204 13254 13423 13486 13627 13799 14014 14220 14250 14490 14783 14800 14903 15052 15304 15357 15389 15688 15993 16077 16241 16377 16578 16604 16882 16892 17038 17145 17451 17564 
583 163
29 80 81 418 524 736 993 1064 1069 1103 1150 1322 1521 1724 1771 1807 1840 1973 2078 2177 2212 2388 2430 2440 2466 2510 2522 2549 2869 3035 3157 3277 3379 3459 3642 3732 3785 3791 3799 4051 4062 4075 4323 4453 4637 4767 4990 5037 5041 5108 5145 5491 5492 5550 5731 5774 5928 5942 6345 6404 6434 6567 6779 7265 7315 7624 7743 7761 7847 7859 7875 7937 7967 7994 8171 8372 8376 8644 8647 8650 8747 8845 8847 9112 9118 9162 9169 9736 9853 9859 9867 9966 9968 10022 10050 10224 10262 10282 10533 10632 10726 10942 10948 10981 11068 11179 11192 11219 11375 11431 11435 11545 11678 11763 11851 11911 12163 12253 12422 12650 12680 12768 12846 12927 13066 13171 13234 13539 13609 13862 13943 14133 14494 14514 14971 15114 15210 15379 15561 15789 15793 15794 15814 15833 15939 16149 16195 16212 16285 16382 16400 16401 16537 16550 16684 16758 16760 16819 16851 16946 16958 17150 17186 
205 160
94 97 102 314 404 446 599 616 683 703 724 759 953 1074 1131 1316 1343 1613 1822 1894 1922 2222 2306 2386 2622 2712 2794 2941 2978 3003 3071 3137 3159 3283 3334 3385 3518 3564 3716 3770 3846 4108 4174 4271 4295 4374 4515 4548 4733 4818 4902 4922 5152 5233 5287 5616 5648 5667 5738 5858 5871 6225 6288 6513 6594 6710 6727 6759 6807 6827 6832 7055 7079 7129 7224 7230 7372 7439 7518 7609 7664 7682 8117 8175 8415 8535 8556 8637 8977 9088 9143 9178 9322 9328 9403 9506 9749 9992 10034 10086 10813 10888 11095 11104 11199 11206 11354 11400 11561 11651 11745 11752 11811 11967 12084 12275 12323 12586 12782 12954 13017 13265 13401 13475 13484 13554 13600 13741 13771 13898 13918 13952 14039 14113 14135 14136 14272 14435 14525 14558 14694 15031 15074 15227 15450 15891 16027 16120 16288 16310 16424 16433 16539 16635 16645 16723 16846 17046 17244 17271 
555 157
13 155 167 292 375 522 579 949 1348 1395 1424 1559 1662 1774 1831 1859 2001 2009 2131 2304 2425 2509 2517 2647 2652 2737 2749 2827 2967 2979 3182 3546 4162 4261 4358 4381 4429 4536 4723 4778 5039 5128 5157 5228 5411 5538 5561 5585 5654 5788 5971 6149 6275 6284 6316 6397 6540 6543 6559 6623 6840 6978 7169 7229 7264 7418 7478 7628 7674 7742 7845 8089 8173 8205 8272 8281 8357 8509 8937 9012 9119 9234 9576 9642 9673 9742 9842 9955 10064 10173 10257 10302 10369 10431 10601 10716 10780 10841 10943 11069 11101 11414 11491 11580 11675 11687 11723 11874 11875 11923 11952 12117 12311 12566 12667 12669 12734 12765 12852 12950 13353 13395 13463 13482 13577 13583 13786 13841 13967 14003 14241 14399 14766 15202 15253 15542 15951 15972 16094 16446 16480 16490 16536 16548 16620 16795 16985 17055 17056 17166 17219 17378 17520 17670 17789 17841 17896 
434 310
252 303 315 442 461 550 552 626 878 1094 1100 1225 1351 1379 1459 1642 1821 1851 1854 2126 2139 2188 2207 2325 2424 2631 2735 2780 3168 3289 3321 3339 3448 3661 3668 3687 3731 3861 4422 4454 4465 4561 4617 4659 4890 5007 5088 5090 5115 5116 5346 5588 5963 6331 6441 6530 6647 6666 6803 6851 7326 7358 7411 7819 7913 8070 8095 8167 8275 8356 8462 8646 8938 8994 9051 9070 9135 9418 9513 9530 9818 10062 10071 10138 10178 10628 10952 11222 11239 11348 11407 11653 11970 11980 11988 12039 12063 12129 12281 12284 12366 12423 12554 12648 12665 12825 12880 12993 13036 13041 13112 13242 13520 13555 13722 13772 13810 13842 13847 14068 14103 14221 14299 14330 14401 14418 14436 14999 15003 15006 15190 15218 15352 15388 15547 15702 15715 15859 16020 16039 16475 16479 16503 16670 16681 16715 16836 16959 17112 17223 17325 17332 17424 17428 17663 17667 17679 17685 17705 17748 17920 17998 18019 18110 18172 18243 18279 18293 18323 18420 18509 18602 18731 19150 19210 19355 19486 19679 19709 19804 19901 20003 20134 20221 20278 20635 20766 20774 20816 21040 21137 21217 21293 21321 21446 21675 21745 21773 21777 21902 22246 22273 22509 22520 22756 23029 23106 23168 23334 23379 23491 23521 23530 23676 23843 23967 23969 24101 24260 24428 24467 24505 24578 24633 24659 24824 24855 24952 25151 25158 25285 25397 25506 25633 25840 25919 25944 25975 25986 26157 26473 26516 26593 26600 26699 26763 26866 27084 27099 27106 27361 27412 27461 27621 27667 27708 27793 27881 27999 28030 28161 28219 28484 28624 28695 28717 28737 29307 29345 29468 29484 29743 29991 29993 30103 30224 30373 30437 30512 30594 30671 30764 30964 30966 31166 31202 31245 31309 31467 31468 31752 31850 31934 32186 32200 32218 32239 32540 32658 32778 33067 33253 33359 33371 33451 33607 33860 33939 33992 34047 
182 302
43 79 298 342 346 414 557 697 701 925 972 1037 1276 1287 1410 1481 1594 1646 1780 1798 1804 1957 1977 2220 2248 2318 2533 2604 2644 2716 3243 3316 3436 3633 3787 3839 3954 3975 4012 4239 4273 4361 4475 4643 4644 4743 5223 5258 5521 5540 5866 6010 6077 6098 6244 6429 6430 6446 6477 6639 7060 7215 7304 7593 7834 7863 8093 8203 8214 8332 8438 8596 9042 9049 9212 9323 9378 9467 9478 9518 9540 9616 9729 9876 9895 9963 10174 10223 10434 10468 10515 10520 10547 11166 11387 11389 11429 11635 11690 12165 12166 12201 12229 12474 12652 12683 12962 13067 13102 13198 13301 13362 13371 13418 13494 13550 13648 13664 13668 13704 13817 13925 13936 14101 14146 14197 14244 14385 14667 14734 14829 14908 14909 14919 15049 15149 15206 15299 15359 15440 15488 15690 15757 15865 15937 16051 16248 16279 16361 16520 16522 16965 17096 17136 17450 17515 17605 17638 17700 17746 17839 17874 18213 18425 18508 18611 18621 18654 18756 18786 18811 18840 18920 19104 19239 19322 19400 19410 19602 19883 19884 19889 20243 20264 20343 20346 20358 20557 20851 20992 21138 21163 21329 21359 21366 21404 21437 21493 22137 22195 22214 22307 22319 22370 22541 22553 22604 22659 22708 22927 23149 23177 23373 23423 23424 23577 23579 23881 23954 23957 23978 24048 24204 24295 24395 24664 24740 24768 24804 24887 24939 24961 25001 25307 25341 25547 25554 25597 25598 25887 25900 26001 26059 26061 26137 26468 26514 26530 26554 26624 26677 26733 26922 26958 27091 27158 27311 27321 27378 27453 27724 27744 27903 28003 28022 28051 28270 28429 28467 28527 28534 28573 28766 29116 29128 29186 29227 29499 29579 29601 29674 29690 29971 30002 30041 30085 30114 30127 30129 30341 30362 30412 30491 30606 30782 31036 31191 31297 31341 31383 31534 31596 
467 143
72 145 543 564 624 670 699 882 904 1068 1246 1492 1560 1648 1875 1976 2047 2238 2249 2310 2320 2375 3032 3109 3145 3228 3286 3290 3313 3314 3478 3586 3648 3958 4114 4200 4245 4325 4571 4719 4945 5252 5364 5420 5427 5435 5444 5486 5652 5660 5662 5904 5957 5999 6065 6072 6082 6122 6173 6486 6522 6651 6724 6776 6846 6982 7031 7159 7210 7237 7491 7561 7571 7837 7861 7879 8123 8318 8350 8397 8471 8638 8742 8833 9093 9170 9220 9241 9300 9441 9456 9665 9835 9847 9874 9892 10060 10105 10228 10277 10330 10374 10737 10809 10848 10859 11082 11108 11221 11550 11626 11790 11907 12068 12258 12288 12373 12668 12670 12692 12791 12840 13115 13377 13553 13601 13888 13972 14024 14144 14393 14570 14620 14738 14839 15084 15156 15187 15235 15376 15541 15560 15603 
696 274
19 130 168 215 551 746 938 1027 1059 1170 1229 1263 1438 1446 1451 1473 1502 1510 1843 1917 2112 2312 2627 2646 2709 2986 3033 3111 3160 3368 3388 3389 3439 3868 3869 3879 3908 4093 4227 4307 4347 4373 4423 4589 4626 4669 4715 4968 5034 5309 5361 5415 5445 5456 5603 5634 5781 5995 6296 6525 6578 6610 6744 6900 6904 6985 7188 7565 7568 7607 7613 7698 7730 7777 7999 8088 8242 8304 8592 8705 8957 9040 9136 9505 9617 9685 9752 9781 9803 9845 9920 10033 10068 10079 10098 10122 10197 10232 10254 10370 10394 10438 10464 10469 10478 10668 10973 11026 11050 11129 11472 11668 11730 11865 11937 11974 12270 12319 12378 12392 12401 12448 12465 12739 12785 12836 12879 13408 13493 13578 13654 13689 13778 13789 13937 14273 14345 14361 14414 14512 14963 14977 15250 15315 15556 15557 15594 15663 15667 15739 16147 16217 16290 16300 16428 16450 16590 16692 16742 16776 16789 16807 16866 16929 16994 17273 17337 17590 17612 17668 17712 17785 17861 17893 17923 18003 18112 18181 18451 18533 18534 18670 18916 18921 19176 19315 19476 19725 19734 19900 19937 19942 20017 20038 20146 20166 20327 20371 20575 20736 20975 21147 21233 21371 21465 21587 21602 21973 22007 22182 22230 22321 22635 22881 23152 23164 23280 23341 23467 23513 23572 23633 23673 23750 23769 23970 24108 24120 24122 24135 24345 24576 24704 24716 24746 24770 25027 25042 25073 25343 25483 25651 25852 26014 26089 26130 26173 26301 26310 26504 26509 26542 26774 26789 26806 26904 26951 26965 27026 27049 27248 27284 27352 27419 27443 27456 27465 27655 27666 27670 27810 27919 27985 28141 
220 260
12 99 199 295 343 528 735 811 844 1206 1218 1372 1397 1431 1657 1766 1842 1853 1868 1871 1994 2198 2210 2334 2405 2656 2789 2919 2961 2997 3405 3412 3497 3507 3681 3811 3956 3961 4138 4148 4152 4176 4507 4666 4842 5379 5458 5479 5676 5740 6001 6146 6224 6317 6359 6557 6618 6652 6700 7313 7569 7610 7790 7844 7889 7916 7946 8239 8403 8522 8524 8568 8630 8666 8682 8685 8748 8808 8906 8990 9055 9058 9428 9765 9941 9967 10029 10148 10465 10574 10740 10746 10842 11057 11180 11188 11196 11324 11388 11603 11828 12032 12037 12115 12330 12390 12492 12502 12547 12675 12862 12873 13005 13247 13271 13299 13324 13500 13765 13939 13944 14063 14266 14498 14579 14828 14856 14867 15055 15214 15339 15599 15666 15826 16184 16231 16535 16647 16791 16801 17206 17302 17369 17441 17599 17905 18116 18139 18156 18160 18244 18258 18383 18560 18622 18661 19008 19235 19248 19364 19568 19601 19718 19765 19938 20036 20175 20449 20515 20587 20649 20727 20829 20908 20924 20930 20936 20946 20960 21029 21116 21406 21527 21615 21664 21782 21996 22091 22184 22312 22408 22672 22757 22800 22926 23248 23326 23585 23625 23855 23972 24018 24093 24141 24206 24207 24536 24593 24607 24777 24842 24921 24940 25058 25100 25164 25282 25496 25586 25706 25798 25860 26055 26111 26209 26355 26434 26522 26583 26647 26751 26778 26871 26897 27074 27077 27198 27229 27372 27392 27405 27411 27525 27580 27582 27597 27703 27706 27856 27865 27976 28032 28035 28037 28292 28391 28458 28549 28765 28772 
602 254
166 230 445 457 728 754 902 945 984 1024 1425 1439 1482 1504 1803 1975 2035 2111 2165 2233 2260 2395 2846 3130 3357 3463 3470 3788 3823 3963 4098 4179 4199 4309 4612 4862 4872 5284 5342 5548 5609 5727 6013 6032 6058 6074 6134 6155 6183 6387 6572 6661 6791 7233 7294 7617 7661 7842 7855 7873 7877 8059 8237 8253 8292 8362 8515 8798 8836 9034 9050 9155 9248 9680 9904 9979 10055 10076 10120 10126 10188 10192 10307 10423 10543 10696 10745 11011 11091 11157 11215 12043 12293 12296 12316 12431 12549 12773 13145 13262 13304 13410 13454 13510 13735 13748 13754 13815 13933 14143 14429 14594 14759 14932 15029 15144 15267 15305 15550 15684 15749 15849 15858 15944 16175 16390 16514 16870 16984 17184 17231 17255 17387 17583 17610 17762 17938 18022 18071 18190 18259 18287 18701 18726 18867 18890 19216 19337 19382 19411 19553 19558 19638 19808 19999 20250 20301 20347 20356 20414 20639 20762 21088 21097 21197 21240 21255 21508 21673 21741 22064 22112 22680 22715 22741 22863 22939 22996 23033 23062 23078 23113 23381 23390 23394 23413 23417 24061 24072 24306 24432 24435 24458 24577 24603 24691 24794 24806 24819 24829 24925 24933 24992 25010 25053 25157 25296 25304 25305 25320 25485 25701 25728 25788 25833 26052 26320 26470 26656 26929 27222 27285 27477 27573 27677 27749 27816 27854 27957 28064 28266 28297 28316 28339 28353 28509 28556 28649 28650 28724 28966 29058 29092 29293 29541 29606 29731 29746 29777 29811 29933 29997 30071 30097 
269 252
15 126 197 218 245 406 467 694 755 1145 1190 1311 1406 1632 1844 2004 2052 2123 2319 2419 2433 2483 2720 2894 2915 2956 2993 3126 3156 3224 3297 3300 3371 3559 3680 3820 4180 4263 4308 4449 4698 4760 5014 5064 5087 5091 5261 5281 5417 5506 5522 5671 5707 5877 5984 6139 6180 6297 6469 6547 6584 6685 6743 6806 6893 6905 7231 7525 7602 7693 7881 7975 8126 8210 8211 8328 8484 8491 8729 8841 8891 8930 9184 9225 9270 9404 9408 9516 9595 9613 9795 9942 9953 10129 10316 10645 10771 10889 11001 11072 11075 11205 11316 11361 11505 11664 12192 12345 12442 12551 12559 12575 12702 12766 12937 13160 13178 13183 13213 13259 13283 13678 13836 14097 14161 14259 14317 14460 14772 14795 14814 14837 14926 15103 15360 15584 15610 16079 16085 16354 16425 16483 16628 16649 16654 16667 16689 16769 16974 17003 17086 17092 17104 17247 17383 17500 17533 17698 17796 17831 17957 17990 18016 18158 18177 18382 18720 18748 18753 18892 19065 19079 19230 19446 19453 19520 19776 19792 19793 19931 19946 20000 20002 20024 20076 20230 20423 20493 20501 20769 20885 20925 20934 20938 20990 21048 21190 21496 21502 21507 21557 21720 21783 21798 21883 21916 21956 21982 21990 22002 22030 22050 22203 22372 22580 22591 22729 22777 22871 22983 23064 23094 23163 23170 23365 23902 24259 24275 24297 24326 24337 24496 24681 24767 24994 25171 25316 25486 25520 25562 25678 25980 26015 26088 26093 26253 26287 26384 26544 26545 26678 26725 
888 120
69 98 109 116 328 466 1047 1095 1102 1469 1681 1711 1741 1796 1903 1950 2101 2301 2391 2796 3057 3089 3193 3264 3294 3587 3593 3598 3621 3655 3673 3801 4027 4202 4265 4468 4534 4550 4792 4893 4995 5245 5363 5372 5377 5562 5854 5911 5929 5973 6092 6111 6147 6171 6292 6304 6478 6538 6582 6637 6670 6703 6715 6805 6828 6868 6925 6961 7003 7579 7688 7864 7932 7942 8021 8062 8096 8260 8295 8420 8449 8460 8632 8837 8871 8974 9381 9389 9402 9490 9574 9607 9755 9860 10163 10274 10361 10388 10730 10749 10831 10847 10869 10953 11121 11181 11287 11333 11384 11526 11529 11542 11765 11929 12212 12555 12921 13004 13159 13162 
956 114
103 243 276 394 426 454 496 621 756 983 1002 1049 1167 1196 1418 1515 1706 1734 1841 1982 2102 2408 2555 2596 2701 2858 2879 2896 3116 3241 3322 3390 3428 3500 3521 3530 3690 3728 3805 3995 4047 4207 4324 4382 4545 4832 4881 4888 4941 5005 5022 5168 5371 5674 5739 5771 5988 6007 6162 6411 6588 6787 6878 6880 6995 7023 7091 7562 7580 7615 7646 7696 7707 7744 7812 8225 8334 9361 9427 9528 9569 9626 9952 10206 10242 10318 10320 10384 10386 10421 10798 10823 11337 11659 11766 11888 11897 11927 12036 12252 12273 12370 12413 12484 12490 12497 12528 12664 12719 12778 12867 13013 13022 13063 
8 107
46 219 468 687 709 727 812 815 824 831 1036 1125 1185 1434 1562 1565 1653 1721 1738 1787 2043 2073 2141 2452 2582 2610 2623 2742 2813 3046 3257 3375 3396 3445 3693 3894 4352 4434 4614 4661 4709 5027 5199 5699 5704 5789 5823 5972 6795 6801 7121 7299 7308 7310 7322 7397 7413 7419 7456 7506 7642 7647 7774 7816 7919 7947 8048 8074 8075 8413 8428 8455 8478 8493 8510 8574 8777 9026 9157 9192 9279 9358 9586 9734 9777 9868 9994 10019 10035 10227 10279 10326 10381 10532 10857 10885 11034 11084 11321 11391 11443 11570 11621 11758 11924 11953 11984 
3 99
18 62 269 329 354 488 606 780 795 797 931 948 1243 1250 1564 1729 1739 2044 2084 2196 2231 2276 2309 2516 2648 2672 3395 3433 3441 3502 3541 3657 3792 3913 4041 4251 4266 4680 4901 5959 6144 6161 6250 6301 6501 6541 6758 6772 6781 6797 6839 6943 6968 7114 7351 7471 7558 7622 7833 7846 7882 8066 8146 8204 8265 8531 8566 8659 8781 8942 9027 9152 9304 9366 9706 9783 9981 10392 10490 10564 10611 10670 10713 10759 10822 10918 11112 11266 11562 11731 11805 11871 11943 12031 12232 12237 12255 12279 12313 
955 93
59 256 486 511 625 748 770 861 920 1032 1286 1421 1471 1511 1548 1664 1927 2190 2245 2539 2697 2966 3021 3063 3083 3103 3105 3170 3639 3745 3786 3867 4089 4311 4371 4632 4974 5003 5475 5558 5679 5932 5953 5954 6131 6145 6200 6206 6326 6376 6406 6568 6769 6855 6931 7195 7404 7498 7572 7603 7657 7900 8029 8072 8133 8247 8427 8709 8710 8760 8761 9107 9154 9542 9562 9568 9985 10110 10542 10785 10850 10874 10935 10956 10968 11281 11319 11372 11787 11931 12161 12271 12469 
209 87
38 331 378 537 676 729 766 796 873 1052 1202 1227 1412 1628 1698 1704 1785 1816 1943 2033 2239 2422 2906 2954 3535 3574 3793 3850 4031 4272 4294 4391 4541 4596 4624 4870 4960 5322 5394 5703 5792 6030 6062 6150 6188 6468 6493 6495 6714 6761 6919 6950 7014 7027 7391 7405 7612 7672 7850 7917 8248 8396 8544 8987 9101 9156 9384 9483 9635 9697 9751 10037 10127 10437 10529 10652 10754 10838 10876 11000 11105 11360 11459 11566 11632 11781 12180 
705 172
86 91 125 481 584 671 689 753 952 985 990 1162 1199 1649 1685 1782 1857 2070 2144 2205 2346 2394 2523 2685 2971 3082 3097 3190 3378 3580 3722 3760 3872 4326 4387 4390 4533 4738 4931 4973 5029 5167 5300 5339 5442 5559 5735 5746 5749 5802 5841 5902 6052 6085 6136 6216 6600 6616 6628 6843 6874 7085 7117 7228 7236 7250 7282 7365 7384 7551 7760 7763 7895 7899 7903 8007 8017 8250 8289 8313 8422 8778 8830 9193 9337 9533 9738 9978 10014 10513 10637 10980 11100 11119 11120 11144 11469 11616 12047 12054 12057 12113 12503 12616 12831 12874 13099 13111 13127 13264 13346 13561 13588 13640 13671 13893 13927 14062 14158 14168 14178 14192 14228 14352 14419 14442 14592 15220 15239 15404 15588 15639 15966 16204 16224 16372 16491 16601 16605 16623 16636 16792 16830 16967 16970 17014 17103 17248 17276 17604 17760 17825 17834 17855 17858 18008 18196 18305 18333 18518 18648 18679 18686 18697 18741 18813 18820 18946 19346 19585 19686 19736 
28 154
90 323 679 956 1178 1433 1699 1827 1886 2250 2300 2351 2387 2407 2409 2451 2543 2597 2639 2683 2800 2974 3148 3247 3253 3726 3989 4155 4223 4366 4492 4757 4996 5096 5130 5150 5201 5243 5370 5464 5686 5859 5886 5917 6003 6026 6110 6163 6242 6259 6455 6750 7040 7095 7252 7330 7381 7383 7395 7461 7675 7734 8249 8276 8299 8546 8660 8831 8877 8894 8932 9015 9017 9123 9127 9141 9283 9732 9735 9810 9815 9950 10280 10443 10461 10663 10712 10958 11061 11079 11271 11335 11371 11433 11476 11495 11840 12172 12414 12598 12855 12884 12885 13048 13070 13093 13201 13758 13859 14027 14071 14359 14444 14453 14684 14685 14802 14883 15406 15419 15492 15545 16018 16257 16336 16366 16447 16693 16770 16854 17240 17262 17265 17403 17459 17584 17594 17715 17804 17833 17867 17961 18144 18242 18610 18683 18762 19332 19540 19552 19896 20067 20095 20245 
373 68
108 320 581 809 865 1262 1272 1324 1334 1416 1518 1888 2567 2785 2830 2881 2977 3051 3174 3248 3312 3420 3600 3704 4073 4103 4116 4300 4494 4566 4825 5040 5218 5380 5398 5471 5472 5536 5670 6285 6310 6341 6381 6398 6553 6697 6887 6933 6984 7098 7291 7422 7433 7468 7479 7492 7567 7645 7857 8118 8186 8472 8597 8612 9005 9140 9262 9725 
189 130
23 138 146 399 408 475 800 829 1337 1445 1688 1781 2784 2810 2824 2901 3164 3165 3218 3281 3284 3373 3446 3669 3671 3684 3707 3780 4059 4154 4443 4509 4774 4954 5109 5182 5259 5278 5352 5488 5803 5890 6451 6619 6687 6792 6882 6990 7032 7128 7476 7530 8102 8367 8703 8765 8771 8806 8922 9083 9343 9433 9487 9636 9658 9883 9891 10026 10042 10140 10154 10246 10271 10440 10613 10728 10862 10882 10901 11092 11093 11190 11226 11286 11399 11422 11650 11785 11842 12004 12238 12328 12418 12481 12689 12695 12800 12838 12907 12998 13057 13186 13237 13253 13488 13641 13719 13725 13831 13891 13932 14012 14204 14218 14329 14686 14781 14900 15125 15171 15272 15278 15292 15874 16058 16274 16383 16448 16462 16814 
938 60
39 49 172 413 470 567 617 629 638 871 892 894 1039 1051 1086 1153 1339 1519 1999 2352 2431 2506 2540 2553 2708 2859 2876 2976 2991 3067 3118 3341 3429 3717 3720 3774 3819 3862 4022 4037 4212 4299 4469 4606 4655 4749 4891 4966 5447 5520 5628 5665 5767 5840 5913 6061 6197 6253 6456 6515 
277 54
263 411 532 658 667 693 1018 1098 1256 1267 1330 1544 1610 1770 1799 2174 2183 2288 2484 2508 2551 2580 2642 2831 3052 3382 3399 3697 3833 3969 4095 4101 4133 4481 4510 4594 4705 4906 4916 5028 5057 5151 5161 5179 5188 5324 5406 5632 5720 5732 6427 6590 6667 6751 
339 44
221 407 464 612 686 761 998 1228 1310 1335 1373 1474 1786 2013 2019 2048 2140 2367 2526 2546 3332 3864 4189 4235 4250 4258 4360 4744 4791 4857 5021 5093 5494 5643 5791 5833 5856 5994 6213 6223 6498 6556 6699 6734 
700 80
51 140 213 387 400 460 497 563 946 1077 1366 1399 1403 1549 1581 1582 1830 2028 2150 2242 2363 2457 2669 2902 3020 3201 3231 3404 3525 3761 3796 3836 3882 3919 4590 4790 4849 4958 5084 5086 5148 5294 5368 5453 5597 6060 6095 6100 6279 6312 6642 6754 6819 6901 6923 6957 6970 7179 7293 7409 7854 7926 7935 7962 8049 8055 8094 8283 8377 9139 9309 9326 9447 9502 9727 9778 9787 10385 10407 10477 
99 38
53 305 377 529 740 782 785 818 866 954 997 1090 1169 1364 1375 1689 1745 1795 1817 2002 2115 2272 2531 2561 2577 2632 2740 3454 3523 3555 3670 4063 4317 4413 4426 4843 5408 5566 
131 32
83 135 149 264 280 491 743 760 860 1282 1542 1555 1715 1876 1890 2025 2159 2257 2599 2714 2736 3181 3205 3413 3611 3615 3714 3758 3772 3794 3797 3845 
858 26
35 88 101 649 1092 1381 1435 1640 1695 1835 1884 2135 2608 2828 2865 2931 2982 2983 3045 3232 3278 3421 3450 3778 3803 4015 
57 20
336 397 436 849 950 1004 1211 1567 1597 1606 1701 1749 1772 1789 1794 1852 1933 2130 2223 2815 
972 26
278 348 479 503 575 775 874 1240 1352 1460 1633 1728 2372 2661 2760 2957 3216 3323 3391 3625 3698 3934 3985 4034 4035 4398 
210 12
67 96 304 338 431 434 453 506 842 883 964 1022 
325 18
127 273 539 627 747 840 863 987 1087 1266 1270 1491 1877 1938 2178 2206 2291 2392 
148 10
124 286 353 493 825 1093 1383 1402 1428 1575 